brotli 0.147176 56.0006 0.099606
brotli 0.147343 56.0006 0.099603
brotli 0.147426 56.0007 0.099912
brotli 0.147985 56.0007 0.100111
brotli 0.148077 56.0007 0.100157
brotli 0.148091 56.0007 0.101075
brotli 0.148256 56.0007 0.100467
brotli 0.148558 56.0007 0.100830
brotli 0.148661 56.0007 0.101242
brotli 0.148655 56.0007 0.101117
brotli 0.148637 56.0007 0.101010
brotli 0.148658 56.0007 0.101575
brotli 0.148690 56.0007 0.101141
brotli 0.149022 56.0007 0.101115
brotli 0.148528 56.0007 0.101319
brotli 0.149389 56.0007 0.101257
brotli 0.148995 56.0007 0.101307
brotli 0.149323 56.0007 0.101471
brotli 0.148959 56.0007 0.101525
brotli 0.175778 62.9470 0.073476
brotli 0.174785 62.9544 0.073596
brotli 0.176258 62.9531 0.073790
brotli 0.175485 62.9564 0.074354
brotli 0.176247 62.9552 0.074284
brotli 0.176031 62.9542 0.074694
brotli 0.175761 62.9562 0.074563
brotli 0.175850 62.9585 0.074717
brotli 0.176582 62.9548 0.075007
brotli 0.176072 62.9560 0.074981
brotli 0.176378 62.9549 0.075080
brotli 0.176138 62.9554 0.074979
brotli 0.176495 62.9546 0.075091
brotli 0.176119 62.9562 0.075122
brotli 0.182909 62.9568 0.075220
brotli 0.176046 62.9547 0.075151
brotli 0.176719 62.9552 0.075370
brotli 0.176487 62.9552 0.075510
brotli 0.176615 62.9562 0.075607
brotli 0.208896 64.2449 0.070930
brotli 0.208452 64.2544 0.070751
brotli 0.209395 64.2537 0.071342
brotli 0.208979 64.2585 0.071595
brotli 0.210098 64.2573 0.071514
brotli 0.209924 64.2552 0.071688
brotli 0.209899 64.2587 0.071789
brotli 0.209239 64.2617 0.071973
brotli 0.209731 64.2567 0.072062
brotli 0.209419 64.2585 0.072356
brotli 0.209456 64.2578 0.072131
brotli 0.209923 64.2574 0.072172
brotli 0.209973 64.2567 0.072231
brotli 0.209757 64.2587 0.072235
brotli 0.209521 64.2594 0.072241
brotli 0.210102 64.2580 0.072303
brotli 0.209684 64.2572 0.072641
brotli 0.209799 64.2571 0.072515
brotli 0.210337 64.2589 0.072870
brotli 0.288052 65.3563 0.069288
brotli 0.291693 65.4050 0.069577
brotli 0.295014 65.4322 0.069664
brotli 0.295182 65.3853 0.070323
brotli 0.293693 65.3614 0.070470
brotli 0.296837 65.4502 0.070694
brotli 0.294546 65.3860 0.070816
brotli 0.292675 65.3955 0.070860
brotli 0.295395 65.4553 0.070766
brotli 0.292999 65.3822 0.070908
brotli 0.293506 65.3977 0.070903
brotli 0.293216 65.3965 0.071036
brotli 0.294190 65.3976 0.070955
brotli 0.294101 65.3851 0.070818
brotli 0.294628 65.3963 0.070803
brotli 0.293214 65.3978 0.070816
brotli 0.294851 65.3915 0.070793
brotli 0.295704 65.4546 0.070786
brotli 0.294487 65.3996 0.070983
brotli 0.537800 71.7472 0.063732
brotli 0.543141 71.9318 0.063521
brotli 0.542332 72.0320 0.063334
brotli 0.547608 72.0089 0.064263
brotli 0.542361 72.0455 0.063874
brotli 0.542613 72.1073 0.063785
brotli 0.542337 72.1025 0.063582
brotli 0.543540 72.0462 0.063931
brotli 0.541984 72.1121 0.063815
brotli 0.543032 72.0938 0.063925
brotli 0.543013 72.1128 0.064068
brotli 0.544289 72.1206 0.064265
brotli 0.543633 72.0994 0.064481
brotli 0.543247 72.1201 0.064094
brotli 0.543161 72.1123 0.064000
brotli 0.542953 72.0914 0.063976
brotli 0.541508 72.1278 0.063805
brotli 0.541683 72.1243 0.063846
brotli 0.543025 72.1338 0.064029
brotli 0.600953 72.4521 0.058548
brotli 0.662918 73.0208 0.058059
brotli 0.676329 73.2637 0.058418
brotli 0.679199 73.3124 0.057894
brotli 0.683337 73.4162 0.058384
brotli 0.680239 73.4342 0.058376
brotli 0.685876 73.4542 0.057991
brotli 0.688094 73.4072 0.058282
brotli 0.682787 73.5264 0.057883
brotli 0.688347 73.5172 0.058185
brotli 0.690346 73.5233 0.058411
brotli 0.692728 73.5491 0.058114
brotli 0.693409 73.5257 0.058218
brotli 0.691667 73.5629 0.058142
brotli 0.694879 73.5289 0.058473
brotli 0.689210 73.4981 0.058084
brotli 0.690700 73.4923 0.058103
brotli 0.689450 73.5695 0.058037
brotli 0.703914 73.5935 0.057885
brotli 0.786996 72.5700 0.058345
brotli 0.921885 73.3252 0.056497
brotli 1.030896 73.8846 0.056363
brotli 1.146984 73.9821 0.057160
brotli 1.205267 74.3763 0.056157
brotli 1.274406 74.2937 0.056001
brotli 1.308638 74.3249 0.055173
brotli 1.306353 74.2654 0.056430
brotli 1.349472 74.5046 0.056481
brotli 1.383519 74.6068 0.056246
brotli 1.381162 74.5777 0.057884
brotli 1.377542 74.6016 0.055353
brotli 1.375945 74.6503 0.057311
brotli 1.371092 74.6357 0.057267
brotli 1.345313 74.6787 0.057554
brotli 1.357238 74.5787 0.057568
brotli 1.369790 74.5640 0.057768
brotli 1.423780 74.7107 0.057794
brotli 1.430121 74.8200 0.057390
brotli 0.946801 72.6123 0.058411
brotli 1.097450 73.3836 0.056275
brotli 1.232577 73.9773 0.055943
brotli 1.408913 74.0755 0.057933
brotli 1.520370 74.5185 0.057064
brotli 1.710798 74.4547 0.058174
brotli 1.853194 74.5037 0.055071
brotli 1.978962 74.5583 0.056714
brotli 2.162561 74.7481 0.054414
brotli 2.235440 75.4532 0.055557
brotli 2.044522 76.8842 0.052126
brotli 1.863964 78.4060 0.050303
brotli 1.703164 79.5485 0.052162
brotli 1.589163 81.0095 0.049563
brotli 1.441672 81.8958 0.046260
brotli 1.351227 83.1933 0.048356
brotli 1.290333 84.6001 0.041828
brotli 1.264046 86.0767 0.042849
brotli 1.166132 87.4253 0.040861
brotli 1.329811 72.6646 0.058508
brotli 1.430546 73.4467 0.056309
brotli 1.543504 74.0379 0.056421
brotli 1.691383 74.1510 0.056264
brotli 1.803413 74.6130 0.055693
brotli 2.024153 74.5569 0.056014
brotli 2.206127 74.6185 0.054791
brotli 2.413234 74.6933 0.055074
brotli 2.772511 74.8727 0.056772
brotli 2.922648 75.5701 0.055524
brotli 2.605784 77.0007 0.053614
brotli 2.389590 78.5106 0.048001
brotli 2.154934 79.6301 0.049692
brotli 2.017781 81.1044 0.048628
brotli 1.902105 81.9760 0.043684
brotli 1.794911 83.2665 0.044159
brotli 1.674881 84.6693 0.045072
brotli 1.707893 86.1404 0.042798
brotli 1.566720 87.4871 0.040820
