bzip 1.206489 66.5927 0.472466
bzip 1.200149 66.5676 0.472361
bzip 1.199128 66.5705 0.482762
bzip 1.196935 66.6239 0.481176
bzip 1.199338 66.6160 0.473580
bzip 1.197921 66.5612 0.474585
bzip 1.198198 66.6081 0.474575
bzip 1.198706 66.7084 0.473667
bzip 1.199897 66.6719 0.474481
bzip 1.198375 66.6352 0.474987
bzip 1.199347 66.7478 0.474084
bzip 1.197882 66.6250 0.475182
bzip 1.198010 66.7221 0.474573
bzip 1.197468 66.6268 0.475116
bzip 1.197795 66.6771 0.475004
bzip 1.200748 66.7250 0.474233
bzip 1.198657 66.7134 0.474219
bzip 1.197445 66.7070 0.474690
bzip 1.197088 66.7104 0.474458
bzip 1.131330 67.4830 0.480800
bzip 1.131263 67.5307 0.479653
bzip 1.129415 67.5589 0.488801
bzip 1.127610 67.5227 0.488926
bzip 1.128405 67.4853 0.481373
bzip 1.127599 67.5195 0.480681
bzip 1.128647 67.5770 0.480579
bzip 1.127673 67.5798 0.480879
bzip 1.126007 67.5282 0.481473
bzip 1.127717 67.5222 0.481541
bzip 1.125836 67.5741 0.480954
bzip 1.125872 67.5439 0.481345
bzip 1.123472 67.5419 0.481235
bzip 1.126763 67.5738 0.480979
bzip 1.125925 67.5629 0.481028
bzip 1.127822 67.5769 0.481253
bzip 1.126254 67.5806 0.481059
bzip 1.128193 67.5591 0.484437
bzip 1.126553 67.5631 0.481508
bzip 1.133832 67.9700 0.485663
bzip 1.125416 68.1151 0.483494
bzip 1.111450 68.0743 0.492991
bzip 1.110790 68.0263 0.493624
bzip 1.109206 67.9596 0.486386
bzip 1.111561 68.0953 0.485163
bzip 1.121080 68.1556 0.484927
bzip 1.124114 68.0291 0.486428
bzip 1.113179 68.0822 0.485739
bzip 1.110950 68.0311 0.486696
bzip 1.111643 68.0312 0.486231
bzip 1.111553 68.1414 0.485883
bzip 1.112735 68.1449 0.485903
bzip 1.120131 68.1696 0.486275
bzip 1.110566 68.0725 0.486008
bzip 1.111575 68.1247 0.485888
bzip 1.113312 68.1304 0.485792
bzip 1.111553 68.1398 0.485715
bzip 1.112945 68.1421 0.485840
bzip 1.135743 68.4227 0.486318
bzip 1.127653 68.3585 0.487807
bzip 1.109582 68.2637 0.497857
bzip 1.118836 68.3520 0.497056
bzip 1.109230 68.2764 0.490172
bzip 1.109608 68.2453 0.490793
bzip 1.121054 68.4514 0.489392
bzip 1.114287 68.3211 0.490468
bzip 1.107302 68.3229 0.490285
bzip 1.109476 68.1794 0.491774
bzip 1.117432 68.3424 0.490678
bzip 1.108740 68.3062 0.490702
bzip 1.107893 68.2751 0.491088
bzip 1.115942 68.3890 0.490064
bzip 1.117467 68.3563 0.490214
bzip 1.115730 68.3246 0.490490
bzip 1.116159 68.3281 0.490257
bzip 1.117533 68.3438 0.490323
bzip 1.115765 68.3262 0.490656
bzip 1.126066 68.6430 0.491982
bzip 1.128005 68.5671 0.491466
bzip 1.107045 68.3863 0.502324
bzip 1.115558 68.4734 0.501110
bzip 1.106658 68.2312 0.495218
bzip 1.107399 68.3336 0.494620
bzip 1.120303 68.6227 0.493270
bzip 1.119392 68.5351 0.494290
bzip 1.115511 68.5056 0.494949
bzip 1.110052 68.4037 0.496886
bzip 1.110600 68.3864 0.496810
bzip 1.109575 68.4132 0.496483
bzip 1.111801 68.5027 0.496318
bzip 1.121794 68.5592 0.495561
bzip 1.111104 68.3532 0.497376
bzip 1.110895 68.3973 0.496705
bzip 1.110606 68.4154 0.497025
bzip 1.109382 68.4181 0.497593
bzip 1.110767 68.4406 0.497077
bzip 1.119863 68.4960 0.495714
bzip 1.127026 68.7854 0.494137
bzip 1.131422 68.9185 0.502986
bzip 1.124994 68.7786 0.504176
bzip 1.134715 69.0054 0.495166
bzip 1.131733 68.9429 0.495238
bzip 1.135975 69.1285 0.494566
bzip 1.132617 68.9039 0.496135
bzip 1.124884 68.9494 0.495711
bzip 1.132844 68.9986 0.495660
bzip 1.122281 68.8959 0.496254
bzip 1.133978 69.1008 0.495252
bzip 1.125895 68.9587 0.496207
bzip 1.134303 69.1064 0.495208
bzip 1.133515 69.1372 0.494571
bzip 1.135355 69.1379 0.495348
bzip 1.134230 69.1470 0.494892
bzip 1.134602 69.1250 0.494689
bzip 1.135418 69.1602 0.495134
bzip 1.126459 68.6794 0.495771
bzip 1.126134 68.9361 0.497144
bzip 1.130702 68.9263 0.506309
bzip 1.117368 68.7454 0.505487
bzip 1.134002 69.1403 0.495328
bzip 1.127279 68.8680 0.497508
bzip 1.136908 69.0701 0.496515
bzip 1.135499 69.0852 0.496452
bzip 1.124883 68.9072 0.497147
bzip 1.135670 69.1126 0.495880
bzip 1.136407 69.0608 0.496967
bzip 1.131551 68.8837 0.500162
bzip 1.139090 69.0569 0.496242
bzip 1.136155 69.0492 0.496775
bzip 1.131739 69.0258 0.496569
bzip 1.135793 69.0599 0.498783
bzip 1.141635 69.0258 0.499483
bzip 1.140614 69.0247 0.499025
bzip 1.140387 69.0321 0.499564
bzip 1.148577 68.9358 0.498016
bzip 1.140923 68.8620 0.498832
bzip 1.132178 69.0725 0.506989
bzip 1.139904 69.1436 0.507435
bzip 1.134103 69.0925 0.500394
bzip 1.145404 69.1448 0.499103
bzip 1.146610 69.2729 0.496817
bzip 1.143296 69.0874 0.498361
bzip 1.134549 69.1570 0.498090
bzip 1.131939 69.0513 0.499021
bzip 1.143701 69.1468 0.498541
bzip 1.144499 69.1585 0.500874
bzip 1.141323 69.1762 0.501218
bzip 1.142098 69.2289 0.500945
bzip 1.139726 69.2040 0.501048
bzip 1.141660 69.1474 0.498379
bzip 1.143615 69.1371 0.498256
bzip 1.145714 69.1494 0.498627
bzip 1.141171 69.1527 0.498618
bzip 1.166526 69.2200 0.498582
bzip 1.157217 69.2889 0.497201
bzip 1.153598 69.3714 0.505404
bzip 1.153851 69.2008 0.508468
bzip 1.136905 69.1899 0.502142
bzip 1.136951 69.2685 0.500169
bzip 1.138886 69.2649 0.500620
bzip 1.137394 69.0509 0.500409
bzip 1.141861 69.2378 0.499274
bzip 1.139585 69.2704 0.499386
bzip 1.139159 69.2740 0.499360
bzip 1.139682 69.3364 0.498929
bzip 1.141608 69.3347 0.499117
bzip 1.140536 69.3729 0.499398
bzip 1.126909 69.2096 0.502521
bzip 1.131079 69.2081 0.502184
bzip 1.127611 69.2069 0.501812
bzip 1.128585 69.2356 0.502221
bzip 1.127605 69.2379 0.501763
