lzma 0.822797 71.7784 0.288273
lzma 0.822833 71.8382 0.284713
lzma 0.826117 71.8710 0.284314
lzma 0.826634 71.8947 0.284207
lzma 0.824373 71.8776 0.285537
lzma 0.824010 71.8959 0.285075
lzma 0.826978 71.8990 0.284993
lzma 0.824658 71.9089 0.285194
lzma 0.824452 71.9037 0.285578
lzma 0.824916 71.9037 0.285901
lzma 0.824629 71.9173 0.285435
lzma 0.825072 71.9170 0.285377
lzma 0.824890 71.9160 0.285241
lzma 0.824843 71.9061 0.285564
lzma 0.823983 71.9186 0.285330
lzma 0.824281 71.9179 0.285493
lzma 0.825061 71.9160 0.285485
lzma 0.826799 71.9109 0.286109
lzma 0.824013 71.9257 0.285828
lzma 0.879600 74.3565 0.252296
lzma 0.946642 74.8476 0.246099
lzma 0.962566 75.0210 0.244729
lzma 0.973153 75.0743 0.243808
lzma 0.959347 75.1791 0.243033
lzma 0.965023 75.1614 0.243166
lzma 0.982998 75.1987 0.243013
lzma 0.986833 75.1539 0.243678
lzma 0.975067 75.2481 0.243163
lzma 0.985679 75.2556 0.242962
lzma 0.980659 75.2706 0.242784
lzma 0.990466 75.2747 0.242638
lzma 0.996140 75.2650 0.242792
lzma 0.987737 75.2914 0.242466
lzma 0.971698 75.2759 0.242533
lzma 0.969645 75.2359 0.242904
lzma 0.962746 75.2413 0.243160
lzma 0.960441 75.2859 0.242625
lzma 0.969467 75.3207 0.242197
lzma 4.749226 75.7951 0.248863
lzma 4.855049 76.1598 0.245644
lzma 4.884959 76.2845 0.242970
lzma 4.902208 76.3064 0.243239
lzma 4.884154 76.3535 0.242760
lzma 4.897845 76.3753 0.242292
lzma 4.906467 76.3950 0.242678
lzma 4.962188 76.3517 0.243205
lzma 4.903869 76.4252 0.242409
lzma 4.925492 76.4288 0.242882
lzma 4.906753 76.4306 0.245753
lzma 4.908766 76.4398 0.242351
lzma 4.936013 76.4281 0.242754
lzma 4.934418 76.4533 0.242380
lzma 4.901526 76.4366 0.242632
lzma 4.909532 76.4103 0.243131
lzma 4.912645 76.4095 0.243207
lzma 4.920472 76.4495 0.243620
lzma 4.889202 76.4775 0.242536
lzma 4.839102 76.0341 0.245661
lzma 5.089590 76.6119 0.238723
lzma 5.165113 76.8105 0.236613
lzma 5.203125 76.8849 0.235938
lzma 5.231062 76.9848 0.235011
lzma 5.236223 76.9802 0.235339
lzma 5.257235 77.0261 0.235029
lzma 5.251687 76.9801 0.235715
lzma 5.268928 77.0830 0.234478
lzma 5.346500 77.0872 0.234407
lzma 5.331375 77.0975 0.234461
lzma 5.331836 77.1071 0.234590
lzma 5.295209 77.1023 0.234783
lzma 5.285456 77.1284 0.234305
lzma 5.280159 77.1060 0.234500
lzma 5.282531 77.0729 0.235090
lzma 5.290026 77.0741 0.235245
lzma 5.316005 77.1263 0.234512
lzma 5.303497 77.1637 0.234326
lzma 5.314393 76.0516 0.245255
lzma 5.818127 76.7813 0.236418
lzma 6.100271 77.2767 0.231197
lzma 6.216846 77.3390 0.230226
lzma 6.308289 77.6268 0.227920
lzma 6.253753 77.6284 0.227938
lzma 6.299993 77.6436 0.227959
lzma 6.317666 77.6293 0.228087
lzma 6.319626 77.7841 0.226728
lzma 6.370559 77.8155 0.240335
lzma 6.387172 77.8238 0.226402
lzma 6.370642 77.8093 0.226275
lzma 6.400240 77.8344 0.226822
lzma 6.378531 77.8166 0.226267
lzma 6.369125 77.8716 0.225839
lzma 6.371247 77.7991 0.229532
lzma 6.372797 77.7810 0.230043
lzma 6.404716 77.8952 0.229011
lzma 6.457225 77.9497 0.228690
lzma 5.300355 76.0516 0.245607
lzma 5.770904 76.7813 0.236596
lzma 6.088201 77.3149 0.230206
lzma 6.366116 77.4700 0.228398
lzma 6.529939 77.8966 0.224246
lzma 6.641818 77.8800 0.224831
lzma 6.693017 78.0053 0.223242
lzma 6.677999 77.9395 0.223744
lzma 6.769817 78.1361 0.222082
lzma 6.846032 78.2650 0.221157
lzma 6.850685 78.2379 0.220815
lzma 6.852493 78.2271 0.221200
lzma 6.884829 78.2601 0.220689
lzma 6.893880 78.2741 0.220245
lzma 6.873402 78.3013 0.220569
lzma 6.879069 78.2270 0.220965
lzma 6.924238 78.2163 0.221186
lzma 6.953995 78.3424 0.219806
lzma 7.041930 78.4728 0.218435
lzma 5.296665 76.0516 0.245447
lzma 5.771895 76.7813 0.236405
lzma 6.067111 77.3149 0.230484
lzma 6.340891 77.4700 0.228327
lzma 6.562766 77.9136 0.223746
lzma 6.691681 77.9222 0.223819
lzma 6.809977 78.0568 0.222094
lzma 6.851957 78.1233 0.221607
lzma 7.001072 78.3034 0.220408
lzma 7.120149 78.4418 0.218543
lzma 7.168870 78.4462 0.218219
lzma 7.156023 78.4311 0.218541
lzma 7.188663 78.4838 0.218600
lzma 7.198482 78.5106 0.218159
lzma 7.225283 78.5728 0.217618
lzma 7.272588 78.5906 0.217619
lzma 7.328915 78.6093 0.217165
lzma 7.429180 78.7470 0.215463
lzma 7.550761 78.8981 0.214162
lzma 5.682059 76.0021 0.246166
lzma 6.238233 76.7365 0.237109
lzma 6.595510 77.2641 0.231240
lzma 6.855254 77.4233 0.229080
lzma 7.128433 77.8781 0.224612
lzma 7.244344 77.8860 0.224454
lzma 7.396152 78.0259 0.222807
lzma 7.497193 78.0932 0.222270
lzma 7.664120 78.2690 0.220372
lzma 7.767580 78.9123 0.214112
lzma 7.701804 80.1671 0.202058
lzma 7.626044 81.4319 0.190249
lzma 7.573604 82.3974 0.180170
lzma 7.545732 83.6763 0.168359
lzma 7.518809 84.3885 0.161046
lzma 7.485803 85.5222 0.150137
lzma 7.472242 86.7413 0.138659
lzma 7.513029 88.0137 0.126729
lzma 7.585915 89.1988 0.114597
lzma 5.682065 76.0021 0.246160
lzma 6.233805 76.7365 0.237149
lzma 6.646232 77.2641 0.231450
lzma 6.882346 77.4233 0.229087
lzma 7.147691 77.8781 0.224659
lzma 7.302816 77.8860 0.224610
lzma 7.451355 78.0259 0.222478
lzma 7.514321 78.0932 0.222180
lzma 7.675042 78.2690 0.220439
lzma 7.783566 78.9123 0.213908
lzma 7.738196 80.1671 0.202290
lzma 7.662748 81.4319 0.190009
lzma 7.592522 82.3974 0.180651
lzma 7.552694 83.6763 0.168415
lzma 7.512081 84.3885 0.161087
lzma 7.493566 85.5222 0.150583
lzma 7.484844 86.7413 0.138548
lzma 7.511420 88.0137 0.126343
lzma 7.588164 89.1988 0.115001
