zlib 0.245311 61.6809 0.076099
zlib 0.245355 61.6938 0.076122
zlib 0.246230 61.6902 0.076178
zlib 0.246499 61.7004 0.076676
zlib 0.246911 61.7000 0.076816
zlib 0.247545 61.7041 0.077331
zlib 0.247475 61.6810 0.077816
zlib 0.247897 61.7074 0.077928
zlib 0.248856 61.6962 0.078914
zlib 0.248194 61.7010 0.078621
zlib 0.248242 61.7038 0.078649
zlib 0.248515 61.7098 0.078765
zlib 0.248734 61.7022 0.079173
zlib 0.249978 61.7041 0.079214
zlib 0.248716 61.7140 0.079707
zlib 0.248702 61.7089 0.079798
zlib 0.248925 61.7072 0.080247
zlib 0.249316 61.7063 0.080318
zlib 0.249312 61.7082 0.080506
zlib 0.268666 62.4360 0.074315
zlib 0.269015 62.4469 0.074546
zlib 0.269742 62.4562 0.074735
zlib 0.270178 62.4579 0.074535
zlib 0.270151 62.4644 0.074612
zlib 0.270746 62.4638 0.075032
zlib 0.270857 62.4566 0.075006
zlib 0.270913 62.4650 0.075496
zlib 0.270923 62.4628 0.075438
zlib 0.270912 62.4697 0.075450
zlib 0.271057 62.4628 0.075878
zlib 0.271312 62.4638 0.075487
zlib 0.271044 62.4659 0.075566
zlib 0.271071 62.4564 0.075572
zlib 0.270862 62.4649 0.075510
zlib 0.271412 62.4649 0.075677
zlib 0.271016 62.4692 0.075612
zlib 0.271074 62.4624 0.075794
zlib 0.271102 62.4657 0.075787
zlib 0.347271 62.9766 0.072566
zlib 0.348118 62.9748 0.072502
zlib 0.348868 62.9792 0.072652
zlib 0.349342 62.9740 0.072849
zlib 0.349568 62.9906 0.072773
zlib 0.350019 62.9808 0.072975
zlib 0.349904 62.9752 0.073137
zlib 0.350314 62.9852 0.073489
zlib 0.350185 62.9829 0.073464
zlib 0.350491 62.9898 0.073495
zlib 0.350552 62.9831 0.073551
zlib 0.350562 62.9791 0.073662
zlib 0.350851 62.9777 0.073700
zlib 0.350220 62.9807 0.073714
zlib 0.350539 62.9850 0.073695
zlib 0.350487 62.9875 0.073651
zlib 0.350450 62.9774 0.073813
zlib 0.350445 62.9852 0.073919
zlib 0.350641 62.9841 0.073878
zlib 0.357034 64.1504 0.072749
zlib 0.357464 64.1533 0.072806
zlib 0.358015 64.1676 0.073242
zlib 0.358629 64.1692 0.072791
zlib 0.359003 64.1761 0.073119
zlib 0.358862 64.1570 0.073634
zlib 0.358611 64.1668 0.075731
zlib 0.359340 64.1802 0.073229
zlib 0.358737 64.1752 0.073509
zlib 0.359232 64.1833 0.073596
zlib 0.361971 64.1734 0.073596
zlib 0.358880 64.1856 0.073754
zlib 0.359270 64.1925 0.073525
zlib 0.361371 64.1853 0.073995
zlib 0.359506 64.1838 0.073601
zlib 0.359216 64.1830 0.073648
zlib 0.359676 64.1859 0.073896
zlib 0.362205 64.1764 0.074649
zlib 0.359828 64.1824 0.074250
zlib 0.501191 64.9938 0.070663
zlib 0.505239 65.0058 0.070610
zlib 0.503787 65.0183 0.070738
zlib 0.504179 65.0248 0.073753
zlib 0.503950 65.0251 0.070995
zlib 0.504861 65.0171 0.071329
zlib 0.507797 65.0393 0.071536
zlib 0.505443 65.0449 0.071336
zlib 0.505100 65.0265 0.071551
zlib 0.507854 65.0295 0.071679
zlib 0.505042 65.0352 0.072366
zlib 0.507655 65.0380 0.071829
zlib 0.505235 65.0521 0.071528
zlib 0.505261 65.0494 0.071924
zlib 0.507723 65.0536 0.071799
zlib 0.505370 65.0463 0.072028
zlib 0.505105 65.0528 0.074270
zlib 0.505551 65.0443 0.072216
zlib 0.505516 65.0502 0.072358
zlib 0.785762 65.3749 0.069604
zlib 0.786678 65.3786 0.069466
zlib 0.791000 65.3703 0.069596
zlib 0.791620 65.3789 0.070049
zlib 0.789519 65.3820 0.070171
zlib 0.791552 65.3841 0.070116
zlib 0.790378 65.3913 0.070398
zlib 0.791917 65.3872 0.070403
zlib 0.790405 65.3629 0.070419
zlib 0.793000 65.3834 0.070495
zlib 0.792947 65.3748 0.070607
zlib 0.791144 65.3618 0.070527
zlib 0.792979 65.3594 0.070572
zlib 0.790639 65.3684 0.070573
zlib 0.792666 65.3787 0.070579
zlib 0.790662 65.3812 0.070756
zlib 0.792548 65.3670 0.070861
zlib 0.793056 65.3729 0.071004
zlib 0.790807 65.3729 0.071181
zlib 1.004280 65.4636 0.069155
zlib 1.007725 65.4686 0.069163
zlib 1.008548 65.4704 0.069295
zlib 1.010825 65.4578 0.069607
zlib 1.012568 65.4725 0.069642
zlib 1.009826 65.4681 0.070069
zlib 1.012772 65.4638 0.069989
zlib 1.012658 65.4691 0.069971
zlib 1.013104 65.4657 0.070086
zlib 1.011605 65.4736 0.070288
zlib 1.012630 65.4913 0.070252
zlib 1.012732 65.4757 0.070463
zlib 1.010716 65.4788 0.070310
zlib 1.012995 65.4843 0.070432
zlib 1.013430 65.4931 0.070333
zlib 1.013200 65.4911 0.070633
zlib 1.010941 65.4873 0.070719
zlib 1.013431 65.4922 0.070819
zlib 1.013222 65.4947 0.070888
zlib 1.959199 65.5520 0.068981
zlib 1.967193 65.5561 0.070659
zlib 1.971493 65.5838 0.068969
zlib 1.972283 65.5538 0.069355
zlib 1.977502 65.5571 0.069520
zlib 1.972982 65.5646 0.069765
zlib 1.975810 65.5749 0.069802
zlib 1.977883 65.5611 0.070014
zlib 1.974813 65.5782 0.070107
zlib 1.975629 65.5632 0.070030
zlib 1.978014 65.5831 0.070106
zlib 1.973489 65.5811 0.070392
zlib 1.975620 65.5787 0.070667
zlib 1.977050 65.5823 0.070266
zlib 1.976809 65.5814 0.072893
zlib 1.977533 65.5860 0.070310
zlib 1.976166 65.5796 0.070352
zlib 1.975933 65.5785 0.070721
zlib 1.976303 65.5842 0.070852
zlib 4.214539 65.5689 0.069060
zlib 4.230060 65.5740 0.068836
zlib 4.237779 65.6038 0.068826
zlib 4.239891 65.5761 0.068945
zlib 4.240987 65.5797 0.069291
zlib 4.242333 65.5902 0.069371
zlib 4.245935 65.5835 0.069405
zlib 4.244191 65.5874 0.069582
zlib 4.245349 65.5847 0.070007
zlib 4.245736 65.5818 0.069830
zlib 4.245546 65.5860 0.070035
zlib 4.245287 65.5834 0.069938
zlib 4.246063 65.5821 0.069898
zlib 4.246393 65.5825 0.069851
zlib 4.243167 65.5853 0.069942
zlib 4.246743 65.5819 0.069937
zlib 4.247134 65.5825 0.070012
zlib 4.245560 65.5839 0.070153
zlib 4.247505 65.5849 0.070189
