# data generated from a 19MB binary file on mediocre linux box
type,level,block size (MB),compression time (seconds),compressed size,space saved (%),decompression time (seconds)
zlib,1,1,0.245311,7623429,61.6809,0.076099
zlib,1,2,0.245355,7620866,61.6938,0.076122
zlib,1,3,0.246230,7621576,61.6902,0.076178
zlib,1,4,0.246499,7619541,61.7004,0.076676
zlib,1,5,0.246911,7619624,61.7000,0.076816
zlib,1,6,0.247545,7618807,61.7041,0.077331
zlib,1,7,0.247475,7623414,61.6810,0.077816
zlib,1,8,0.247897,7618161,61.7074,0.077928
zlib,1,9,0.248856,7620391,61.6962,0.078914
zlib,1,10,0.248194,7619432,61.7010,0.078621
zlib,1,11,0.248242,7618867,61.7038,0.078649
zlib,1,12,0.248515,7617679,61.7098,0.078765
zlib,1,13,0.248734,7619199,61.7022,0.079173
zlib,1,14,0.249978,7618815,61.7041,0.079214
zlib,1,15,0.248716,7616839,61.7140,0.079707
zlib,1,16,0.248702,7617862,61.7089,0.079798
zlib,1,17,0.248925,7618202,61.7072,0.080247
zlib,1,18,0.249316,7618373,61.7063,0.080318
zlib,1,19,0.249312,7618005,61.7082,0.080506
zlib,2,1,0.268666,7473197,62.4360,0.074315
zlib,2,2,0.269015,7471042,62.4469,0.074546
zlib,2,3,0.269742,7469192,62.4562,0.074735
zlib,2,4,0.270178,7468845,62.4579,0.074535
zlib,2,5,0.270151,7467555,62.4644,0.074612
zlib,2,6,0.270746,7467678,62.4638,0.075032
zlib,2,7,0.270857,7469110,62.4566,0.075006
zlib,2,8,0.270913,7467446,62.4650,0.075496
zlib,2,9,0.270923,7467874,62.4628,0.075438
zlib,2,10,0.270912,7466511,62.4697,0.075450
zlib,2,11,0.271057,7467878,62.4628,0.075878
zlib,2,12,0.271312,7467666,62.4638,0.075487
zlib,2,13,0.271044,7467266,62.4659,0.075566
zlib,2,14,0.271071,7469142,62.4564,0.075572
zlib,2,15,0.270862,7467463,62.4649,0.075510
zlib,2,16,0.271412,7467454,62.4649,0.075677
zlib,2,17,0.271016,7466609,62.4692,0.075612
zlib,2,18,0.271074,7467962,62.4624,0.075794
zlib,2,19,0.271102,7467306,62.4657,0.075787
zlib,3,1,0.347271,7365646,62.9766,0.072566
zlib,3,2,0.348118,7366010,62.9748,0.072502
zlib,3,3,0.348868,7365131,62.9792,0.072652
zlib,3,4,0.349342,7366174,62.9740,0.072849
zlib,3,5,0.349568,7362875,62.9906,0.072773
zlib,3,6,0.350019,7364826,62.9808,0.072975
zlib,3,7,0.349904,7365927,62.9752,0.073137
zlib,3,8,0.350314,7363939,62.9852,0.073489
zlib,3,9,0.350185,7364407,62.9829,0.073464
zlib,3,10,0.350491,7363025,62.9898,0.073495
zlib,3,11,0.350552,7364365,62.9831,0.073551
zlib,3,12,0.350562,7365164,62.9791,0.073662
zlib,3,13,0.350851,7365441,62.9777,0.073700
zlib,3,14,0.350220,7364849,62.9807,0.073714
zlib,3,15,0.350539,7363985,62.9850,0.073695
zlib,3,16,0.350487,7363479,62.9875,0.073651
zlib,3,17,0.350450,7365506,62.9774,0.073813
zlib,3,18,0.350445,7363936,62.9852,0.073919
zlib,3,19,0.350641,7364170,62.9841,0.073878
zlib,4,1,0.357034,7132130,64.1504,0.072749
zlib,4,2,0.357464,7131551,64.1533,0.072806
zlib,4,3,0.358015,7128705,64.1676,0.073242
zlib,4,4,0.358629,7128394,64.1692,0.072791
zlib,4,5,0.359003,7127024,64.1761,0.073119
zlib,4,6,0.358862,7130828,64.1570,0.073634
zlib,4,7,0.358611,7128863,64.1668,0.075731
zlib,4,8,0.359340,7126211,64.1802,0.073229
zlib,4,9,0.358737,7127204,64.1752,0.073509
zlib,4,10,0.359232,7125587,64.1833,0.073596
zlib,4,11,0.361971,7127554,64.1734,0.073596
zlib,4,12,0.358880,7125130,64.1856,0.073754
zlib,4,13,0.359270,7123763,64.1925,0.073525
zlib,4,14,0.361371,7125185,64.1853,0.073995
zlib,4,15,0.359506,7125493,64.1838,0.073601
zlib,4,16,0.359216,7125641,64.1830,0.073648
zlib,4,17,0.359676,7125066,64.1859,0.073896
zlib,4,18,0.362205,7126963,64.1764,0.074649
zlib,4,19,0.359828,7125768,64.1824,0.074250
zlib,5,1,0.501191,6964345,64.9938,0.070663
zlib,5,2,0.505239,6961952,65.0058,0.070610
zlib,5,3,0.503787,6959472,65.0183,0.070738
zlib,5,4,0.504179,6958179,65.0248,0.073753
zlib,5,5,0.503950,6958119,65.0251,0.070995
zlib,5,6,0.504861,6959698,65.0171,0.071329
zlib,5,7,0.507797,6955291,65.0393,0.071536
zlib,5,8,0.505443,6954179,65.0449,0.071336
zlib,5,9,0.505100,6957836,65.0265,0.071551
zlib,5,10,0.507854,6957242,65.0295,0.071679
zlib,5,11,0.505042,6956110,65.0352,0.072366
zlib,5,12,0.507655,6955544,65.0380,0.071829
zlib,5,13,0.505235,6952739,65.0521,0.071528
zlib,5,14,0.505261,6953288,65.0494,0.071924
zlib,5,15,0.507723,6952436,65.0536,0.071799
zlib,5,16,0.505370,6953900,65.0463,0.072028
zlib,5,17,0.505105,6952597,65.0528,0.074270
zlib,5,18,0.505551,6954303,65.0443,0.072216
zlib,5,19,0.505516,6953112,65.0502,0.072358
zlib,6,1,0.785762,6888527,65.3749,0.069604
zlib,6,2,0.786678,6887778,65.3786,0.069466
zlib,6,3,0.791000,6889433,65.3703,0.069596
zlib,6,4,0.791620,6887722,65.3789,0.070049
zlib,6,5,0.789519,6887108,65.3820,0.070171
zlib,6,6,0.791552,6886699,65.3841,0.070116
zlib,6,7,0.790378,6885255,65.3913,0.070398
zlib,6,8,0.791917,6886075,65.3872,0.070403
zlib,6,9,0.790405,6890921,65.3629,0.070419
zlib,6,10,0.793000,6886838,65.3834,0.070495
zlib,6,11,0.792947,6888549,65.3748,0.070607
zlib,6,12,0.791144,6891136,65.3618,0.070527
zlib,6,13,0.792979,6891600,65.3594,0.070572
zlib,6,14,0.790639,6889823,65.3684,0.070573
zlib,6,15,0.792666,6887762,65.3787,0.070579
zlib,6,16,0.790662,6887273,65.3812,0.070756
zlib,6,17,0.792548,6890098,65.3670,0.070861
zlib,6,18,0.793056,6888927,65.3729,0.071004
zlib,6,19,0.790807,6888915,65.3729,0.071181
zlib,7,1,1.004280,6870884,65.4636,0.069155
zlib,7,2,1.007725,6869892,65.4686,0.069163
zlib,7,3,1.008548,6869519,65.4704,0.069295
zlib,7,4,1.010825,6872035,65.4578,0.069607
zlib,7,5,1.012568,6869111,65.4725,0.069642
zlib,7,6,1.009826,6869987,65.4681,0.070069
zlib,7,7,1.012772,6870831,65.4638,0.069989
zlib,7,8,1.012658,6869791,65.4691,0.069971
zlib,7,9,1.013104,6870450,65.4657,0.070086
zlib,7,10,1.011605,6868894,65.4736,0.070288
zlib,7,11,1.012630,6865365,65.4913,0.070252
zlib,7,12,1.012732,6868466,65.4757,0.070463
zlib,7,13,1.010716,6867844,65.4788,0.070310
zlib,7,14,1.012995,6866767,65.4843,0.070432
zlib,7,15,1.013430,6865008,65.4931,0.070333
zlib,7,16,1.013200,6865397,65.4911,0.070633
zlib,7,17,1.010941,6866155,65.4873,0.070719
zlib,7,18,1.013431,6865183,65.4922,0.070819
zlib,7,19,1.013222,6864699,65.4947,0.070888
zlib,8,1,1.959199,6853284,65.5520,0.068981
zlib,8,2,1.967193,6852476,65.5561,0.070659
zlib,8,3,1.971493,6846957,65.5838,0.068969
zlib,8,4,1.972283,6852942,65.5538,0.069355
zlib,8,5,1.977502,6852285,65.5571,0.069520
zlib,8,6,1.972982,6850788,65.5646,0.069765
zlib,8,7,1.975810,6848732,65.5749,0.069802
zlib,8,8,1.977883,6851486,65.5611,0.070014
zlib,8,9,1.974813,6848077,65.5782,0.070107
zlib,8,10,1.975629,6851067,65.5632,0.070030
zlib,8,11,1.978014,6847107,65.5831,0.070106
zlib,8,12,1.973489,6847500,65.5811,0.070392
zlib,8,13,1.975620,6847983,65.5787,0.070667
zlib,8,14,1.977050,6847268,65.5823,0.070266
zlib,8,15,1.976809,6847440,65.5814,0.072893
zlib,8,16,1.977533,6846522,65.5860,0.070310
zlib,8,17,1.976166,6847804,65.5796,0.070352
zlib,8,18,1.975933,6848028,65.5785,0.070721
zlib,8,19,1.976303,6846880,65.5842,0.070852
zlib,9,1,4.214539,6849925,65.5689,0.069060
zlib,9,2,4.230060,6848923,65.5740,0.068836
zlib,9,3,4.237779,6842991,65.6038,0.068826
zlib,9,4,4.239891,6848501,65.5761,0.068945
zlib,9,5,4.240987,6847773,65.5797,0.069291
zlib,9,6,4.242333,6845683,65.5902,0.069371
zlib,9,7,4.245935,6847017,65.5835,0.069405
zlib,9,8,4.244191,6846240,65.5874,0.069582
zlib,9,9,4.245349,6846784,65.5847,0.070007
zlib,9,10,4.245736,6847364,65.5818,0.069830
zlib,9,11,4.245546,6846523,65.5860,0.070035
zlib,9,12,4.245287,6847039,65.5834,0.069938
zlib,9,13,4.246063,6847293,65.5821,0.069898
zlib,9,14,4.246393,6847214,65.5825,0.069851
zlib,9,15,4.243167,6846669,65.5853,0.069942
zlib,9,16,4.246743,6847337,65.5819,0.069937
zlib,9,17,4.247134,6847225,65.5825,0.070012
zlib,9,18,4.245560,6846940,65.5839,0.070153
zlib,9,19,4.247505,6846739,65.5849,0.070189
bzip,1,1,1.206489,6646244,66.5927,0.472466
bzip,1,2,1.200149,6651248,66.5676,0.472361
bzip,1,3,1.199128,6650659,66.5705,0.482762
bzip,1,4,1.196935,6640049,66.6239,0.481176
bzip,1,5,1.199338,6641619,66.6160,0.473580
bzip,1,6,1.197921,6652506,66.5612,0.474585
bzip,1,7,1.198198,6643193,66.6081,0.474575
bzip,1,8,1.198706,6623227,66.7084,0.473667
bzip,1,9,1.199897,6630493,66.6719,0.474481
bzip,1,10,1.198375,6637802,66.6352,0.474987
bzip,1,11,1.199347,6615384,66.7478,0.474084
bzip,1,12,1.197882,6639814,66.6250,0.475182
bzip,1,13,1.198010,6620512,66.7221,0.474573
bzip,1,14,1.197468,6639455,66.6268,0.475116
bzip,1,15,1.197795,6629456,66.6771,0.475004
bzip,1,16,1.200748,6619922,66.7250,0.474233
bzip,1,17,1.198657,6622242,66.7134,0.474219
bzip,1,18,1.197445,6623506,66.7070,0.474690
bzip,1,19,1.197088,6622832,66.7104,0.474458
bzip,2,1,1.131330,6469131,67.4830,0.480800
bzip,2,2,1.131263,6459639,67.5307,0.479653
bzip,2,3,1.129415,6454032,67.5589,0.488801
bzip,2,4,1.127610,6461225,67.5227,0.488926
bzip,2,5,1.128405,6468663,67.4853,0.481373
bzip,2,6,1.127599,6461870,67.5195,0.480681
bzip,2,7,1.128647,6450415,67.5770,0.480579
bzip,2,8,1.127673,6449858,67.5798,0.480879
bzip,2,9,1.126007,6460135,67.5282,0.481473
bzip,2,10,1.127717,6461324,67.5222,0.481541
bzip,2,11,1.125836,6450997,67.5741,0.480954
bzip,2,12,1.125872,6457013,67.5439,0.481345
bzip,2,13,1.123472,6457408,67.5419,0.481235
bzip,2,14,1.126763,6451070,67.5738,0.480979
bzip,2,15,1.125925,6453236,67.5629,0.481028
bzip,2,16,1.127822,6450437,67.5769,0.481253
bzip,2,17,1.126254,6449711,67.5806,0.481059
bzip,2,18,1.128193,6453990,67.5591,0.484437
bzip,2,19,1.126553,6453192,67.5631,0.481508
bzip,3,1,1.133832,6372230,67.9700,0.485663
bzip,3,2,1.125416,6343377,68.1151,0.483494
bzip,3,3,1.111450,6351483,68.0743,0.492991
bzip,3,4,1.110790,6361036,68.0263,0.493624
bzip,3,5,1.109206,6374316,67.9596,0.486386
bzip,3,6,1.111561,6347310,68.0953,0.485163
bzip,3,7,1.121080,6335315,68.1556,0.484927
bzip,3,8,1.124114,6360491,68.0291,0.486428
bzip,3,9,1.113179,6349917,68.0822,0.485739
bzip,3,10,1.110950,6360090,68.0311,0.486696
bzip,3,11,1.111643,6360068,68.0312,0.486231
bzip,3,12,1.111553,6338139,68.1414,0.485883
bzip,3,13,1.112735,6337447,68.1449,0.485903
bzip,3,14,1.120131,6332521,68.1696,0.486275
bzip,3,15,1.110566,6351850,68.0725,0.486008
bzip,3,16,1.111575,6341458,68.1247,0.485888
bzip,3,17,1.113312,6340326,68.1304,0.485792
bzip,3,18,1.111553,6338462,68.1398,0.485715
bzip,3,19,1.112945,6338010,68.1421,0.485840
bzip,4,1,1.135743,6282186,68.4227,0.486318
bzip,4,2,1.127653,6294944,68.3585,0.487807
bzip,4,3,1.109582,6313813,68.2637,0.497857
bzip,4,4,1.118836,6296233,68.3520,0.497056
bzip,4,5,1.109230,6311281,68.2764,0.490172
bzip,4,6,1.109608,6317462,68.2453,0.490793
bzip,4,7,1.121054,6276462,68.4514,0.489392
bzip,4,8,1.114287,6302397,68.3211,0.490468
bzip,4,9,1.107302,6302041,68.3229,0.490285
bzip,4,10,1.109476,6330578,68.1794,0.491774
bzip,4,11,1.117432,6298156,68.3424,0.490678
bzip,4,12,1.108740,6305356,68.3062,0.490702
bzip,4,13,1.107893,6311545,68.2751,0.491088
bzip,4,14,1.115942,6288872,68.3890,0.490064
bzip,4,15,1.117467,6295377,68.3563,0.490214
bzip,4,16,1.115730,6301687,68.3246,0.490490
bzip,4,17,1.116159,6301006,68.3281,0.490257
bzip,4,18,1.117533,6297864,68.3438,0.490323
bzip,4,19,1.115765,6301377,68.3262,0.490656
bzip,5,1,1.126066,6238349,68.6430,0.491982
bzip,5,2,1.128005,6253444,68.5671,0.491466
bzip,5,3,1.107045,6289411,68.3863,0.502324
bzip,5,4,1.115558,6272099,68.4734,0.501110
bzip,5,5,1.106658,6320268,68.2312,0.495218
bzip,5,6,1.107399,6299898,68.3336,0.494620
bzip,5,7,1.120303,6242394,68.6227,0.493270
bzip,5,8,1.119392,6259818,68.5351,0.494290
bzip,5,9,1.115511,6265683,68.5056,0.494949
bzip,5,10,1.110052,6285958,68.4037,0.496886
bzip,5,11,1.110600,6289402,68.3864,0.496810
bzip,5,12,1.109575,6284067,68.4132,0.496483
bzip,5,13,1.111801,6266255,68.5027,0.496318
bzip,5,14,1.121794,6255021,68.5592,0.495561
bzip,5,15,1.111104,6296011,68.3532,0.497376
bzip,5,16,1.110895,6287229,68.3973,0.496705
bzip,5,17,1.110606,6283636,68.4154,0.497025
bzip,5,18,1.109382,6283090,68.4181,0.497593
bzip,5,19,1.110767,6278612,68.4406,0.497077
bzip,6,1,1.119863,6267587,68.4960,0.495714
bzip,6,2,1.127026,6210019,68.7854,0.494137
bzip,6,3,1.131422,6183540,68.9185,0.502986
bzip,6,4,1.124994,6211369,68.7786,0.504176
bzip,6,5,1.134715,6166247,69.0054,0.495166
bzip,6,6,1.131733,6178683,68.9429,0.495238
bzip,6,7,1.135975,6141762,69.1285,0.494566
bzip,6,8,1.132617,6186435,68.9039,0.496135
bzip,6,9,1.124884,6177382,68.9494,0.495711
bzip,6,10,1.132844,6167605,68.9986,0.495660
bzip,6,11,1.122281,6188031,68.8959,0.496254
bzip,6,12,1.133978,6147272,69.1008,0.495252
bzip,6,13,1.125895,6175541,68.9587,0.496207
bzip,6,14,1.134303,6146148,69.1064,0.495208
bzip,6,15,1.133515,6140029,69.1372,0.494571
bzip,6,16,1.135355,6139897,69.1379,0.495348
bzip,6,17,1.134230,6138082,69.1470,0.494892
bzip,6,18,1.134602,6142466,69.1250,0.494689
bzip,6,19,1.135418,6135450,69.1602,0.495134
bzip,7,1,1.126459,6231098,68.6794,0.495771
bzip,7,2,1.126134,6180034,68.9361,0.497144
bzip,7,3,1.130702,6181983,68.9263,0.506309
bzip,7,4,1.117368,6217982,68.7454,0.505487
bzip,7,5,1.134002,6139410,69.1403,0.495328
bzip,7,6,1.127279,6193594,68.8680,0.497508
bzip,7,7,1.136908,6153377,69.0701,0.496515
bzip,7,8,1.135499,6150373,69.0852,0.496452
bzip,7,9,1.124883,6185792,68.9072,0.497147
bzip,7,10,1.135670,6144924,69.1126,0.495880
bzip,7,11,1.136407,6155223,69.0608,0.496967
bzip,7,12,1.131551,6190464,68.8837,0.500162
bzip,7,13,1.139090,6156007,69.0569,0.496242
bzip,7,14,1.136155,6157533,69.0492,0.496775
bzip,7,15,1.131739,6162191,69.0258,0.496569
bzip,7,16,1.135793,6155412,69.0599,0.498783
bzip,7,17,1.141635,6162188,69.0258,0.499483
bzip,7,18,1.140614,6162407,69.0247,0.499025
bzip,7,19,1.140387,6160936,69.0321,0.499564
bzip,8,1,1.148577,6180098,68.9358,0.498016
bzip,8,2,1.140923,6194772,68.8620,0.498832
bzip,8,3,1.132178,6152905,69.0725,0.506989
bzip,8,4,1.139904,6138755,69.1436,0.507435
bzip,8,5,1.134103,6148918,69.0925,0.500394
bzip,8,6,1.145404,6138518,69.1448,0.499103
bzip,8,7,1.146610,6113035,69.2729,0.496817
bzip,8,8,1.143296,6149932,69.0874,0.498361
bzip,8,9,1.134549,6136095,69.1570,0.498090
bzip,8,10,1.131939,6157111,69.0513,0.499021
bzip,8,11,1.143701,6138120,69.1468,0.498541
bzip,8,12,1.144499,6135787,69.1585,0.500874
bzip,8,13,1.141323,6132280,69.1762,0.501218
bzip,8,14,1.142098,6121789,69.2289,0.500945
bzip,8,15,1.139726,6126739,69.2040,0.501048
bzip,8,16,1.141660,6138000,69.1474,0.498379
bzip,8,17,1.143615,6140050,69.1371,0.498256
bzip,8,18,1.145714,6137611,69.1494,0.498627
bzip,8,19,1.141171,6136945,69.1527,0.498618
bzip,9,1,1.166526,6123550,69.2200,0.498582
bzip,9,2,1.157217,6109845,69.2889,0.497201
bzip,9,3,1.153598,6093430,69.3714,0.505404
bzip,9,4,1.153851,6127371,69.2008,0.508468
bzip,9,5,1.136905,6129547,69.1899,0.502142
bzip,9,6,1.136951,6113910,69.2685,0.500169
bzip,9,7,1.138886,6114618,69.2649,0.500620
bzip,9,8,1.137394,6157194,69.0509,0.500409
bzip,9,9,1.141861,6120011,69.2378,0.499274
bzip,9,10,1.139585,6113539,69.2704,0.499386
bzip,9,11,1.139159,6112818,69.2740,0.499360
bzip,9,12,1.139682,6100402,69.3364,0.498929
bzip,9,13,1.141608,6100743,69.3347,0.499117
bzip,9,14,1.140536,6093147,69.3729,0.499398
bzip,9,15,1.126909,6125633,69.2096,0.502521
bzip,9,16,1.131079,6125934,69.2081,0.502184
bzip,9,17,1.127611,6126155,69.2069,0.501812
bzip,9,18,1.128585,6120459,69.2356,0.502221
bzip,9,19,1.127605,6119991,69.2379,0.501763
lzma,1,1,0.822797,5614577,71.7784,0.288273
lzma,1,2,0.822833,5602668,71.8382,0.284713
lzma,1,3,0.826117,5596147,71.8710,0.284314
lzma,1,4,0.826634,5591445,71.8947,0.284207
lzma,1,5,0.824373,5594845,71.8776,0.285537
lzma,1,6,0.824010,5591202,71.8959,0.285075
lzma,1,7,0.826978,5590582,71.8990,0.284993
lzma,1,8,0.824658,5588618,71.9089,0.285194
lzma,1,9,0.824452,5589646,71.9037,0.285578
lzma,1,10,0.824916,5589640,71.9037,0.285901
lzma,1,11,0.824629,5586945,71.9173,0.285435
lzma,1,12,0.825072,5587009,71.9170,0.285377
lzma,1,13,0.824890,5587208,71.9160,0.285241
lzma,1,14,0.824843,5589164,71.9061,0.285564
lzma,1,15,0.823983,5586688,71.9186,0.285330
lzma,1,16,0.824281,5586827,71.9179,0.285493
lzma,1,17,0.825061,5587205,71.9160,0.285485
lzma,1,18,0.826799,5588215,71.9109,0.286109
lzma,1,19,0.824013,5585265,71.9257,0.285828
lzma,2,1,0.879600,5101668,74.3565,0.252296
lzma,2,2,0.946642,5003967,74.8476,0.246099
lzma,2,3,0.962566,4969464,75.0210,0.244729
lzma,2,4,0.973153,4958874,75.0743,0.243808
lzma,2,5,0.959347,4938015,75.1791,0.243033
lzma,2,6,0.965023,4941534,75.1614,0.243166
lzma,2,7,0.982998,4934128,75.1987,0.243013
lzma,2,8,0.986833,4943036,75.1539,0.243678
lzma,2,9,0.975067,4924292,75.2481,0.243163
lzma,2,10,0.985679,4922807,75.2556,0.242962
lzma,2,11,0.980659,4919815,75.2706,0.242784
lzma,2,12,0.990466,4919005,75.2747,0.242638
lzma,2,13,0.996140,4920919,75.2650,0.242792
lzma,2,14,0.987737,4915672,75.2914,0.242466
lzma,2,15,0.971698,4918759,75.2759,0.242533
lzma,2,16,0.969645,4926726,75.2359,0.242904
lzma,2,17,0.962746,4925652,75.2413,0.243160
lzma,2,18,0.960441,4916780,75.2859,0.242625
lzma,2,19,0.969467,4909842,75.3207,0.242197
lzma,3,1,4.749226,4815475,75.7951,0.248863
lzma,3,2,4.855049,4742917,76.1598,0.245644
lzma,3,3,4.884959,4718094,76.2845,0.242970
lzma,3,4,4.902208,4713747,76.3064,0.243239
lzma,3,5,4.884154,4704384,76.3535,0.242760
lzma,3,6,4.897845,4700048,76.3753,0.242292
lzma,3,7,4.906467,4696111,76.3950,0.242678
lzma,3,8,4.962188,4704743,76.3517,0.243205
lzma,3,9,4.903869,4690111,76.4252,0.242409
lzma,3,10,4.925492,4689400,76.4288,0.242882
lzma,3,11,4.906753,4689037,76.4306,0.245753
lzma,3,12,4.908766,4687212,76.4398,0.242351
lzma,3,13,4.936013,4689526,76.4281,0.242754
lzma,3,14,4.934418,4684511,76.4533,0.242380
lzma,3,15,4.901526,4687842,76.4366,0.242632
lzma,3,16,4.909532,4693069,76.4103,0.243131
lzma,3,17,4.912645,4693238,76.4095,0.243207
lzma,3,18,4.920472,4685286,76.4495,0.243620
lzma,3,19,4.889202,4679699,76.4775,0.242536
lzma,4,1,4.839102,4767924,76.0341,0.245661
lzma,4,2,5.089590,4652965,76.6119,0.238723
lzma,4,3,5.165113,4613458,76.8105,0.236613
lzma,4,4,5.203125,4598654,76.8849,0.235938
lzma,4,5,5.231062,4578789,76.9848,0.235011
lzma,4,6,5.236223,4579697,76.9802,0.235339
lzma,4,7,5.257235,4570556,77.0261,0.235029
lzma,4,8,5.251687,4579718,76.9801,0.235715
lzma,4,9,5.268928,4559250,77.0830,0.234478
lzma,4,10,5.346500,4558411,77.0872,0.234407
lzma,4,11,5.331375,4556364,77.0975,0.234461
lzma,4,12,5.331836,4554456,77.1071,0.234590
lzma,4,13,5.295209,4555410,77.1023,0.234783
lzma,4,14,5.285456,4550212,77.1284,0.234305
lzma,4,15,5.280159,4554660,77.1060,0.234500
lzma,4,16,5.282531,4561255,77.0729,0.235090
lzma,4,17,5.290026,4561015,77.0741,0.235245
lzma,4,18,5.316005,4550625,77.1263,0.234512
lzma,4,19,5.303497,4543182,77.1637,0.234326
lzma,5,1,5.314393,4764435,76.0516,0.245255
lzma,5,2,5.818127,4619257,76.7813,0.236418
lzma,5,3,6.100271,4520702,77.2767,0.231197
lzma,5,4,6.216846,4508323,77.3390,0.230226
lzma,5,5,6.308289,4451056,77.6268,0.227920
lzma,5,6,6.253753,4450739,77.6284,0.227938
lzma,5,7,6.299993,4447714,77.6436,0.227959
lzma,5,8,6.317666,4450564,77.6293,0.228087
lzma,5,9,6.319626,4419763,77.7841,0.226728
lzma,5,10,6.370559,4413519,77.8155,0.240335
lzma,5,11,6.387172,4411862,77.8238,0.226402
lzma,5,12,6.370642,4414757,77.8093,0.226275
lzma,5,13,6.400240,4409758,77.8344,0.226822
lzma,5,14,6.378531,4413296,77.8166,0.226267
lzma,5,15,6.369125,4402357,77.8716,0.225839
lzma,5,16,6.371247,4416775,77.7991,0.229532
lzma,5,17,6.372797,4420375,77.7810,0.230043
lzma,5,18,6.404716,4397659,77.8952,0.229011
lzma,5,19,6.457225,4386821,77.9497,0.228690
lzma,6,1,5.300355,4764435,76.0516,0.245607
lzma,6,2,5.770904,4619257,76.7813,0.236596
lzma,6,3,6.088201,4513103,77.3149,0.230206
lzma,6,4,6.366116,4482257,77.4700,0.228398
lzma,6,5,6.529939,4397382,77.8966,0.224246
lzma,6,6,6.641818,4400694,77.8800,0.224831
lzma,6,7,6.693017,4375756,78.0053,0.223242
lzma,6,8,6.677999,4388857,77.9395,0.223744
lzma,6,9,6.769817,4349737,78.1361,0.222082
lzma,6,10,6.846032,4324081,78.2650,0.221157
lzma,6,11,6.850685,4329489,78.2379,0.220815
lzma,6,12,6.852493,4331632,78.2271,0.221200
lzma,6,13,6.884829,4325062,78.2601,0.220689
lzma,6,14,6.893880,4322275,78.2741,0.220245
lzma,6,15,6.873402,4316859,78.3013,0.220569
lzma,6,16,6.879069,4331649,78.2270,0.220965
lzma,6,17,6.924238,4333782,78.2163,0.221186
lzma,6,18,6.953995,4308695,78.3424,0.219806
lzma,6,19,7.041930,4282757,78.4728,0.218435
lzma,7,1,5.296665,4764435,76.0516,0.245447
lzma,7,2,5.771895,4619257,76.7813,0.236405
lzma,7,3,6.067111,4513103,77.3149,0.230484
lzma,7,4,6.340891,4482257,77.4700,0.228327
lzma,7,5,6.562766,4394001,77.9136,0.223746
lzma,7,6,6.691681,4392285,77.9222,0.223819
lzma,7,7,6.809977,4365511,78.0568,0.222094
lzma,7,8,6.851957,4352276,78.1233,0.221607
lzma,7,9,7.001072,4316458,78.3034,0.220408
lzma,7,10,7.120149,4288917,78.4418,0.218543
lzma,7,11,7.168870,4288045,78.4462,0.218219
lzma,7,12,7.156023,4291046,78.4311,0.218541
lzma,7,13,7.188663,4280564,78.4838,0.218600
lzma,7,14,7.198482,4275234,78.5106,0.218159
lzma,7,15,7.225283,4262864,78.5728,0.217618
lzma,7,16,7.272588,4259310,78.5906,0.217619
lzma,7,17,7.328915,4255587,78.6093,0.217165
lzma,7,18,7.429180,4228195,78.7470,0.215463
lzma,7,19,7.550761,4198130,78.8981,0.214162
lzma,8,1,5.682059,4774279,76.0021,0.246166
lzma,8,2,6.238233,4628181,76.7365,0.237109
lzma,8,3,6.595510,4523214,77.2641,0.231240
lzma,8,4,6.855254,4491534,77.4233,0.229080
lzma,8,5,7.128433,4401072,77.8781,0.224612
lzma,8,6,7.244344,4399499,77.8860,0.224454
lzma,8,7,7.396152,4371662,78.0259,0.222807
lzma,8,8,7.497193,4358264,78.0932,0.222270
lzma,8,9,7.664120,4323287,78.2690,0.220372
lzma,8,10,7.767580,4195320,78.9123,0.214112
lzma,8,11,7.701804,3945666,80.1671,0.202058
lzma,8,12,7.626044,3694057,81.4319,0.190249
lzma,8,13,7.573604,3501961,82.3974,0.180170
lzma,8,14,7.545732,3247527,83.6763,0.168359
lzma,8,15,7.518809,3105843,84.3885,0.161046
lzma,8,16,7.485803,2880297,85.5222,0.150137
lzma,8,17,7.472242,2637757,86.7413,0.138659
lzma,8,18,7.513029,2384630,88.0137,0.126729
lzma,8,19,7.585915,2148857,89.1988,0.114597
lzma,9,1,5.682065,4774279,76.0021,0.246160
lzma,9,2,6.233805,4628181,76.7365,0.237149
lzma,9,3,6.646232,4523214,77.2641,0.231450
lzma,9,4,6.882346,4491534,77.4233,0.229087
lzma,9,5,7.147691,4401072,77.8781,0.224659
lzma,9,6,7.302816,4399499,77.8860,0.224610
lzma,9,7,7.451355,4371662,78.0259,0.222478
lzma,9,8,7.514321,4358264,78.0932,0.222180
lzma,9,9,7.675042,4323287,78.2690,0.220439
lzma,9,10,7.783566,4195320,78.9123,0.213908
lzma,9,11,7.738196,3945666,80.1671,0.202290
lzma,9,12,7.662748,3694057,81.4319,0.190009
lzma,9,13,7.592522,3501961,82.3974,0.180651
lzma,9,14,7.552694,3247527,83.6763,0.168415
lzma,9,15,7.512081,3105843,84.3885,0.161087
lzma,9,16,7.493566,2880297,85.5222,0.150583
lzma,9,17,7.484844,2637757,86.7413,0.138548
lzma,9,18,7.511420,2384630,88.0137,0.126343
lzma,9,19,7.588164,2148857,89.1988,0.115001
brotli,1,1,0.147176,8753504,56.0006,0.099606
brotli,1,2,0.147343,8753495,56.0006,0.099603
brotli,1,3,0.147426,8753490,56.0007,0.099912
brotli,1,4,0.147985,8753487,56.0007,0.100111
brotli,1,5,0.148077,8753485,56.0007,0.100157
brotli,1,6,0.148091,8753487,56.0007,0.101075
brotli,1,7,0.148256,8753483,56.0007,0.100467
brotli,1,8,0.148558,8753484,56.0007,0.100830
brotli,1,9,0.148661,8753485,56.0007,0.101242
brotli,1,10,0.148655,8753483,56.0007,0.101117
brotli,1,11,0.148637,8753482,56.0007,0.101010
brotli,1,12,0.148658,8753483,56.0007,0.101575
brotli,1,13,0.148690,8753483,56.0007,0.101141
brotli,1,14,0.149022,8753482,56.0007,0.101115
brotli,1,15,0.148528,8753482,56.0007,0.101319
brotli,1,16,0.149389,8753483,56.0007,0.101257
brotli,1,17,0.148995,8753483,56.0007,0.101307
brotli,1,18,0.149323,8753483,56.0007,0.101471
brotli,1,19,0.148959,8753481,56.0007,0.101525
brotli,2,1,0.175778,7371553,62.9470,0.073476
brotli,2,2,0.174785,7370064,62.9544,0.073596
brotli,2,3,0.176258,7370336,62.9531,0.073790
brotli,2,4,0.175485,7369670,62.9564,0.074354
brotli,2,5,0.176247,7369910,62.9552,0.074284
brotli,2,6,0.176031,7370105,62.9542,0.074694
brotli,2,7,0.175761,7369720,62.9562,0.074563
brotli,2,8,0.175850,7369250,62.9585,0.074717
brotli,2,9,0.176582,7369987,62.9548,0.075007
brotli,2,10,0.176072,7369749,62.9560,0.074981
brotli,2,11,0.176378,7369964,62.9549,0.075080
brotli,2,12,0.176138,7369881,62.9554,0.074979
brotli,2,13,0.176495,7370039,62.9546,0.075091
brotli,2,14,0.176119,7369705,62.9562,0.075122
brotli,2,15,0.182909,7369586,62.9568,0.075220
brotli,2,16,0.176046,7370019,62.9547,0.075151
brotli,2,17,0.176719,7369914,62.9552,0.075370
brotli,2,18,0.176487,7369906,62.9552,0.075510
brotli,2,19,0.176615,7369715,62.9562,0.075607
brotli,3,1,0.208896,7113325,64.2449,0.070930
brotli,3,2,0.208452,7111435,64.2544,0.070751
brotli,3,3,0.209395,7111584,64.2537,0.071342
brotli,3,4,0.208979,7110626,64.2585,0.071595
brotli,3,5,0.210098,7110869,64.2573,0.071514
brotli,3,6,0.209924,7111274,64.2552,0.071688
brotli,3,7,0.209899,7110581,64.2587,0.071789
brotli,3,8,0.209239,7109989,64.2617,0.071973
brotli,3,9,0.209731,7110978,64.2567,0.072062
brotli,3,10,0.209419,7110628,64.2585,0.072356
brotli,3,11,0.209456,7110764,64.2578,0.072131
brotli,3,12,0.209923,7110839,64.2574,0.072172
brotli,3,13,0.209973,7110981,64.2567,0.072231
brotli,3,14,0.209757,7110580,64.2587,0.072235
brotli,3,15,0.209521,7110443,64.2594,0.072241
brotli,3,16,0.210102,7110726,64.2580,0.072303
brotli,3,17,0.209684,7110884,64.2572,0.072641
brotli,3,18,0.209799,7110904,64.2571,0.072515
brotli,3,19,0.210337,7110539,64.2589,0.072870
brotli,4,1,0.288052,6892224,65.3563,0.069288
brotli,4,2,0.291693,6882537,65.4050,0.069577
brotli,4,3,0.295014,6877133,65.4322,0.069664
brotli,4,4,0.295182,6886458,65.3853,0.070323
brotli,4,5,0.293693,6891202,65.3614,0.070470
brotli,4,6,0.296837,6873541,65.4502,0.070694
brotli,4,7,0.294546,6886323,65.3860,0.070816
brotli,4,8,0.292675,6884425,65.3955,0.070860
brotli,4,9,0.295395,6872536,65.4553,0.070766
brotli,4,10,0.292999,6887081,65.3822,0.070908
brotli,4,11,0.293506,6883994,65.3977,0.070903
brotli,4,12,0.293216,6884226,65.3965,0.071036
brotli,4,13,0.294190,6884001,65.3976,0.070955
brotli,4,14,0.294101,6886493,65.3851,0.070818
brotli,4,15,0.294628,6884271,65.3963,0.070803
brotli,4,16,0.293214,6883960,65.3978,0.070816
brotli,4,17,0.294851,6885222,65.3915,0.070793
brotli,4,18,0.295704,6872670,65.4546,0.070786
brotli,4,19,0.294487,6883609,65.3996,0.070983
brotli,5,1,0.537800,5620787,71.7472,0.063732
brotli,5,2,0.543141,5584055,71.9318,0.063521
brotli,5,3,0.542332,5564130,72.0320,0.063334
brotli,5,4,0.547608,5568721,72.0089,0.064263
brotli,5,5,0.542361,5561425,72.0455,0.063874
brotli,5,6,0.542613,5549132,72.1073,0.063785
brotli,5,7,0.542337,5550096,72.1025,0.063582
brotli,5,8,0.543540,5561294,72.0462,0.063931
brotli,5,9,0.541984,5548176,72.1121,0.063815
brotli,5,10,0.543032,5551818,72.0938,0.063925
brotli,5,11,0.543013,5548054,72.1128,0.064068
brotli,5,12,0.544289,5546499,72.1206,0.064265
brotli,5,13,0.543633,5550704,72.0994,0.064481
brotli,5,14,0.543247,5546584,72.1201,0.064094
brotli,5,15,0.543161,5548151,72.1123,0.064000
brotli,5,16,0.542953,5552311,72.0914,0.063976
brotli,5,17,0.541508,5545069,72.1278,0.063805
brotli,5,18,0.541683,5545759,72.1243,0.063846
brotli,5,19,0.543025,5543876,72.1338,0.064029
brotli,6,1,0.600953,5480546,72.4521,0.058548
brotli,6,2,0.662918,5367400,73.0208,0.058059
brotli,6,3,0.676329,5319084,73.2637,0.058418
brotli,6,4,0.679199,5309389,73.3124,0.057894
brotli,6,5,0.683337,5288746,73.4162,0.058384
brotli,6,6,0.680239,5285155,73.4342,0.058376
brotli,6,7,0.685876,5281184,73.4542,0.057991
brotli,6,8,0.688094,5290523,73.4072,0.058282
brotli,6,9,0.682787,5266823,73.5264,0.057883
brotli,6,10,0.688347,5268650,73.5172,0.058185
brotli,6,11,0.690346,5267427,73.5233,0.058411
brotli,6,12,0.692728,5262298,73.5491,0.058114
brotli,6,13,0.693409,5266961,73.5257,0.058218
brotli,6,14,0.691667,5259546,73.5629,0.058142
brotli,6,15,0.694879,5266309,73.5289,0.058473
brotli,6,16,0.689210,5272439,73.4981,0.058084
brotli,6,17,0.690700,5273592,73.4923,0.058103
brotli,6,18,0.689450,5258239,73.5695,0.058037
brotli,6,19,0.703914,5253465,73.5935,0.057885
brotli,7,1,0.786996,5457090,72.5700,0.058345
brotli,7,2,0.921885,5306843,73.3252,0.056497
brotli,7,3,1.030896,5195553,73.8846,0.056363
brotli,7,4,1.146984,5176165,73.9821,0.057160
brotli,7,5,1.205267,5097722,74.3763,0.056157
brotli,7,6,1.274406,5114164,74.2937,0.056001
brotli,7,7,1.308638,5107950,74.3249,0.055173
brotli,7,8,1.306353,5119794,74.2654,0.056430
brotli,7,9,1.349472,5072197,74.5046,0.056481
brotli,7,10,1.383519,5051873,74.6068,0.056246
brotli,7,11,1.381162,5057667,74.5777,0.057884
brotli,7,12,1.377542,5052903,74.6016,0.055353
brotli,7,13,1.375945,5043217,74.6503,0.057311
brotli,7,14,1.371092,5046134,74.6357,0.057267
brotli,7,15,1.345313,5037567,74.6787,0.057554
brotli,7,16,1.357238,5057473,74.5787,0.057568
brotli,7,17,1.369790,5060388,74.5640,0.057768
brotli,7,18,1.423780,5031208,74.7107,0.057794
brotli,7,19,1.430121,5009460,74.8200,0.057390
brotli,8,1,0.946801,5448678,72.6123,0.058411
brotli,8,2,1.097450,5295227,73.3836,0.056275
brotli,8,3,1.232577,5177118,73.9773,0.055943
brotli,8,4,1.408913,5157569,74.0755,0.057933
brotli,8,5,1.520370,5069436,74.5185,0.057064
brotli,8,6,1.710798,5082141,74.4547,0.058174
brotli,8,7,1.853194,5072381,74.5037,0.055071
brotli,8,8,1.978962,5061529,74.5583,0.056714
brotli,8,9,2.162561,5023760,74.7481,0.054414
brotli,8,10,2.235440,4883495,75.4532,0.055557
brotli,8,11,2.044522,4598786,76.8842,0.052126
brotli,8,12,1.863964,4296041,78.4060,0.050303
brotli,8,13,1.703164,4068748,79.5485,0.052162
brotli,8,14,1.589163,3778078,81.0095,0.049563
brotli,8,15,1.441672,3601752,81.8958,0.046260
brotli,8,16,1.351227,3343626,83.1933,0.048356
brotli,8,17,1.290333,3063755,84.6001,0.041828
brotli,8,18,1.264046,2769977,86.0767,0.042849
brotli,8,19,1.166132,2501679,87.4253,0.040861
brotli,9,1,1.329811,5438263,72.6646,0.058508
brotli,9,2,1.430546,5282662,73.4467,0.056309
brotli,9,3,1.543504,5165055,74.0379,0.056421
brotli,9,4,1.691383,5142548,74.1510,0.056264
brotli,9,5,1.803413,5050632,74.6130,0.055693
brotli,9,6,2.024153,5061809,74.5569,0.056014
brotli,9,7,2.206127,5049542,74.6185,0.054791
brotli,9,8,2.413234,5034674,74.6933,0.055074
brotli,9,9,2.772511,4998967,74.8727,0.056772
brotli,9,10,2.922648,4860239,75.5701,0.055524
brotli,9,11,2.605784,4575617,77.0007,0.053614
brotli,9,12,2.389590,4275237,78.5106,0.048001
brotli,9,13,2.154934,4052504,79.6301,0.049692
brotli,9,14,2.017781,3759209,81.1044,0.048628
brotli,9,15,1.902105,3585796,81.9760,0.043684
brotli,9,16,1.794911,3329062,83.2665,0.044159
brotli,9,17,1.674881,3049977,84.6693,0.045072
brotli,9,18,1.707893,2757311,86.1404,0.042798
brotli,9,19,1.566720,2489399,87.4871,0.040820
